version https://git-lfs.github.com/spec/v1
oid sha256:e50bd742d98c3b6c3ddafae235c85dee153098f8864133e1e26d0b0bbdcc6782
size 71262340
